function [colors_xCond,pcond] = myGetPaperColorCode()
% [colors_xCond,pcond] = myGetPaperColorCode()
ORANGE =  [251 163 26]/255;
RED = [1 0.4 0.4];
colors_xCond = [RED;...
                0.4792    0.0066    0.9967;...
                0.553333333333333	0	0.139495798319328;...
                ORANGE;...
                0.151845129162776	0.666666666666667	0.0350814814814815;...
                0.0715000000000000	0.356255182072829	0.733333333333333;...
                0.996666666666667	0.0524468148148148	0.976036653096794];


pcond =     { 'resting' 'adjusting' 'grooming'  'walking'   'running'   'sniffing'   'sound' };
pchannels = { 'beh'     'beh'       'beh'       'beh'       'beh'       'sniffing'   'events' };
end